2.500000000000000139e-02
2.896551724137931202e-02
3.293103448275862266e-02
3.689655172413792983e-02
4.086206896551724393e-02
4.482758620689655804e-02
4.879310344827586521e-02
5.275862068965517238e-02
5.672413793103448648e-02
6.068965517241379365e-02
6.465517241379310776e-02
6.862068965517242880e-02
7.258620689655173597e-02
7.655172413793104313e-02
8.051724137931035030e-02
8.448275862068965747e-02
8.844827586206896464e-02
9.241379310344827180e-02
9.637931034482757897e-02
1.003448275862069139e-01
1.043103448275862211e-01
1.082758620689655282e-01
1.122413793103448354e-01
1.162068965517241426e-01
1.201724137931034497e-01
1.241379310344827569e-01
1.281034482758620641e-01
1.320689655172413990e-01
1.360344827586207062e-01
1.400000000000000133e-01
